1.000162434536366
-231.9686599746328
-70.9233768944672
0.9999388243586348
-162.9926894603148
-48.24408207762781
0.9999471828247735
-85.01030070354751
-24.50291056972706
0.9608283630759551
-0.001612086020067537
0.00572361854919807
0.9367518714382145
78.69193059641867
29.86084021146016
0.9866721484728181
0.005668847211677187
0.002512471694509341
0.9543119624171558
87.43211261943227
34.83689191391306
0.9751054299037925
-0.0008621410377521787
-0.003418639295871666
0.9067584259951147
109.2926258026215
49.75993931196772
