1.000162434536366
-33.5407309691477
-23.91249410430494
0.9999388243586352
-162.9926894603148
-14.34504488606501
0.9999471828247739
-85.01030070354746
3.719608693739479
0.9870555841215548
-0.001612086020067537
0.00572361854919807
0.9757011420114698
135.0446355570482
53.30554025761971
1.003189814158433
0.005668847211677187
0.002512471694509341
0.985894667570125
150.046229242354
62.18904196776578
0.9961788579767958
-0.0008621410377521787
-0.003418639295871666
0.957883218277988
187.5602715812736
88.83443938890021
