1.000162434536366
-54.75019990290721
-18.76548610223732
0.9999388243586348
-46.40583878777305
-27.59823811487619
0.9791619207706691
1.60756634625364
1.073564966826866
0.975365708526841
5.097280969347591
1.426509959457522
0.9778621731315598
-0.003356230654184095
-0.181811128967266
0.9665906912463929
-6.33229945945068e-05
-0.0003778585651052786
0.9601860967422264
15.29893444092209
9.733911032937305
0.9507823459212726
20.13869970041704
26.78260702720151
0.9750505029597866
0.008299010885549353
0.01092787703266581
0.9787197409796361
3.8969655610423
1.778018047863852
0.9751648098438853
-0.0009591777618080746
-0.007220569027147948
0.9728681953816102
7.513572167366016
6.691229656465116
0.9999677582795984
-37.00373579146877
-20.21742300547509
0.9667326969300406
4.170217981536925
1.432381268238618
0.9731337658880787
5.504511588767519
2.232828836662824
0.9410448441404563
2.346193244325411
1.596389470508038
0.9186810688478074
6.042212864001721
5.174970515606615
0.9629823638666509
2.158504222021385
0.8073901115066222
0.959439422779404
6.377484541706269
3.035651373897017
0.9638302086249897
1.479838041156587
0.6285602412410112
0.9917510893725944
11.74839196439108
9.994891324718179
1.000114472370984
-21.59176124923247
-53.66179509149092
1.000090159072059
-17.05770964465112
-10.1438255708728
0.981738573850497
5.838136296747038
5.942624392639916
0.9877866479280026
-0.001044471166873891
0.0009914986006338488
0.9676734935468498
2.352311338514169
2.053345652201525
0.9999877109774479
-26.90580508293064
-13.93153018050224
0.9647367271500362
0.004655510406517786
0.001887818931604597
0.9773441500596222
1.612430146380504
0.8038593446485431
0.9642827748316615
7.119685465569225
1.701397922603792
