1.000162434536366
35.36826952257297
7.9139448473843
0.9999388243586352
-36.10249176232563
-12.81298203977808
0.9856695827143638
2.747107031095748
1.64107227634065
0.9829305561465761
8.705826471347613
2.183186372142569
0.9848486539016537
-0.003356230654184095
-0.1792059948455476
0.9765613656704701
-6.33229945945068e-05
-0.0003778585651052786
0.971552569343896
26.12457094692213
14.88876909435419
0.9655083842640836
34.38295826094344
40.97028976504608
0.9826392783852914
0.008299010885549353
0.01092787703266581
0.9859432317604243
6.650855549410736
2.723863563720172
0.9827535852693902
-0.0009591777618080746
-0.007220569027147948
0.9868368443339011
12.8314286966292
10.23815034092626
0.9999677582795988
-37.00373579146874
-10.22585019061304
0.9787625698508513
7.114031417379041
2.189057680923671
0.9821905759060615
9.39794226197805
3.415135731483202
0.9793926358347715
4.008023409720172
2.447650434778717
0.9788639949716539
10.31549043215964
7.917922511589905
0.9710638758245564
3.677891801810852
1.233020593641955
0.9682314002701314
10.88816641920629
4.643588750852735
0.9718257280857098
2.524417002261846
0.9596061717907174
0.9938206693888482
20.05754279136482
15.29162621351352
1.000114472370984
-21.59176124923246
-35.44772261655298
1.000090159072059
-15.53832206486164
-1.509889805858955
0.9897173596211387
9.968971279299708
9.111365139646873
0.9912167887569677
-0.001044471166873891
0.0009914986006338488
0.9745912544640756
4.01414150390893
3.14106799543627
0.9999877109774483
-26.90580508293062
0.07866106825756844
0.9782981998213056
0.004655510406517786
0.001887818931604597
0.9828618922232915
2.751970831222621
1.229489826783876
0.973666016980874
12.1526568236219
2.59995116266727
