1.060162434536366
-308.6710843673599
-0.6176622404902385
1.044938824358634
-25.51012143895596
-56.20871133925016
1.017943833178221
1.599350753496082
1.073564966826866
1.008931260144925
5.071264925615329
1.426509959457522
1.010086540762932
62.90601848646549
-25.53683714541339
1.008190868439446
-6.33229945945068e-05
-0.0003778585651052786
0.9853683460038293
15.2208863097253
9.733911032937307
1.00992387930991
20.03600479094759
-13.92098300686644
1.044867811353813
0.008299010885549353
0.01092787703266581
1.033149545609114
3.877111211878201
-19.16832238825249
1.082146210793704
-0.0009591777618080746
-19.33969563891586
1.049209335978071
7.475232734497427
6.691229656465123
1.070967758279598
-0.003735791468754188
-16.51145702715204
1.011817338830997
4.148994366913231
1.432381268238618
1.026720838786735
5.476441646845876
2.232828836662831
1.020753646087033
2.334212171553977
1.596389470508038
1.003030856543374
6.011404391160889
5.174970515606615
1.015593525501409
2.147550098344646
0.8073901115066222
1.012330017463423
6.344964487040943
3.035651373897017
1.016698226385607
1.472307081128822
0.6285602412410112
1.018417146659748
11.6884866005339
9.994891324718179
1.019305536712184
-0.001761249232467593
-0.001003790344649987
1.014055712342318
2.131336231672141
1.428933230587978
1.006100179577822
5.808354773000886
1.470243294571466
0.9931908374652847
-0.001044471166873891
0.0009914986006338488
0.973574669634788
2.340330265742735
2.053345652201525
1.012175937213757
0.004194917069372524
-0.003353311431445153
1.0045341256683
0.004655510406517786
0.001887818931604597
0.9906401836238208
1.604214553622938
0.8038593446485431
0.9763311042551251
7.083399930890017
1.701397922603792
