1.060162434536366
-156.7010335885813
27.61649736267805
1.044938824358635
-15.13249176232564
-22.3849189900994
1.026216188706614
2.747107031095748
1.64107227634065
1.017719870914078
8.705826471347613
2.183186372142569
1.010086540762933
107.9554523822525
-3.668939396574058
1.014922898392061
-6.33229945945068e-05
-0.0003778585651052786
1.004771370703809
26.12457094692214
14.8887690943542
1.009923879309911
34.38295826094345
8.986204717905261
1.054076243373323
0.008299010885549353
0.01092787703266581
1.05028341885374
6.650855549410736
-17.61012431220504
1.082146210793705
-0.0009591777618080746
-14.54954013645891
1.060488036961967
12.83142869662922
10.23815034092626
1.070967758279599
-0.003735791468754188
-7.88325077447137
1.047908631572705
7.114031417379041
2.189057680923671
1.04475408807674
9.39794226197805
3.415135731483202
1.049084000203545
4.008023409720172
2.447650434778717
1.045405998463343
10.31549043215964
7.917922511589905
1.034910091836426
3.677891801810852
1.233020593641955
1.032286029737953
10.88816641920629
4.643588750852749
1.036134488265223
2.524417002261875
0.9596061717907316
1.03892323651221
20.05754279136479
15.29162621351349
1.039632816787532
-0.001761249232467593
-0.001003790344649987
1.039031040045625
3.661677935138375
2.185609643273031
1.028937511963812
9.968971279299708
4.745776419007933
1.024098920440732
-0.001044471166873891
0.0009914986006338488
1.007859212890782
4.014141503908902
3.14106799543627
1.030637113237696
0.004194917069372524
-0.003353311431445153
1.010677230189707
0.004655510406517786
0.001887818931604597
1.012468692626763
2.751970831222593
1.229489826783876
1.001999927861715
12.1526568236219
2.59995116266727
