0.9802592020890926
-54.75019990290721
-18.99038198123484
0.980040041753898
-47.16689355669694
-27.59823811487619
0.9619760010017363
1.593821285551005
1.073564966826866
0.9585133804195513
5.071264925615329
1.426509959457522
0.959926563672269
-0.003423690890333196
-0.1843024102875461
0.9499859568739868
-6.459578678585638e-05
-0.0003854535222638947
0.9451000426379023
14.91799067216177
9.608662747872554
0.9347596568431663
19.96600844622643
26.2800967110895
0.9593542935178959
0.008133860568926921
0.01071041227971576
0.959736588129456
3.877111211878201
1.778018047863852
0.9568363892873903
-0.0009784572348204169
-0.007365702464593621
0.9538665457791423
7.475232734497412
6.691229656465116
0.9800683998898344
-37.74751088087728
-20.35694664106605
0.9494167011640183
4.066429379011658
1.427121099582446
0.9576020429494004
5.504511588767519
2.190934173124008
0.9410448441404563
2.326112033578902
1.596389470508038
0.9186810688478074
6.011404391160889
5.174970515606615
0.9455137294639898
2.147550098344631
0.7922369551995209
0.9430274417321839
6.344964487040943
3.035651373897017
0.9463905108682038
1.472307081128822
0.6285602412410112
0.972219066570036
11.6884866005339
9.994891324718179
0.9802121943708012
-22.02575565034205
-53.66179509149092
0.9801883649065252
-17.06866376832788
-10.1438255708728
0.9624264573801636
5.8083547730009
5.866468427793331
0.9696840836537864
-0.001065465037328056
0.0009717677784812353
0.9511317908484187
2.340330265742735
2.026929032651946
0.9800879555289967
-27.44661176509755
-13.93153018050224
0.945793044029833
0.004562865749428082
0.001850251334865666
0.9602963457124176
1.604214553622953
0.8009374166422843
0.9453538777796595
7.083399930890017
1.689802377792633
