1.020265699470547
35.99543050606174
7.9139448473843
1.020037594728244
-36.10249176232563
-12.81298203977808
1.004898280603109
2.747107031095748
1.64107227634065
1.002378822825265
8.705826471347613
2.183186372142569
1.004004466584526
-0.003289441664165832
-0.1762591209372261
0.9939387961702603
-6.206286700207612e-05
-0.0003703391796596836
0.9900007671846569
26.12457094692213
14.88876909435419
0.9789346866050979
34.38295826094344
40.97028976504608
0.9996886634487686
0.008465821004348896
0.01114752736102239
1.005046011620302
6.650855549410736
2.723863563720172
1.000931984140076
-0.0009400901243480939
-0.007076879703507704
1.005061526839914
12.8314286966292
10.23815034092626
1.020067110221019
-36.26736144921853
-10.12780050955117
0.9956144620859972
7.114031417379041
2.189057680923671
0.9986767692083559
9.39794226197805
3.415135731483202
0.9960414080880614
4.008023409720172
2.447650434778717
0.9973959692318042
10.31549043215964
7.917922511589905
0.989295773185299
3.677891801810852
1.233020593641955
0.9839471176655518
10.88816641920629
4.643588750852735
0.9912241424415578
2.524417002261846
0.9596061717907174
1.013675692732852
20.05754279136482
15.29162621351352
1.020216773265641
-21.16208520037273
-35.44772261655298
1.020191971269408
-15.53832206486164
-1.509889805858955
1.008354524475471
9.968971279299708
9.111365139646873
1.011085958385084
-0.0010236861906531
0.001011427722506589
0.994022824158073
4.01414150390893
3.14106799543627
1.020087463968095
-26.3703795617803
0.07866106825756844
0.9968170573414785
0.004749086165688794
0.00192576409212985
1.000939487458517
2.751970831222621
1.229489826783876
0.9921235980296308
12.1526568236219
2.59995116266727
